50 200
50 210
60 200
60 210
70 200
70 210
80 200
80 210
90 200
90 210
100 200
100 210
110 200
110 210
120 200
120 210
130 200
130 210
140 200
140 210
200 200
200 210
210 200
210 210
220 200
220 210
230 200
230 210
240 200
240 210
250 200
250 210
260 200
260 210
270 200
270 210
280 200
280 210
290 200
290 210
 
50 100
50 80
60 100
60 80
70 100
70 80
80 100
80 80
90 100
100 100
100 80
110 100
110 80
120 100
120 80
130 100
130 80
140 100
140 80
200 100
200 80
210 100
210 80
220 100
220 80
230 100
230 80
240 100
240 80
250 100
260 100
270 100
270 80
280 100
280 80
290 100
290 80
 
50 150
70 150
90 150
110 150
130 150
200 150
220 150
240 150
260 150
280 150
